% Matric Potential MP = MPo(Tstar^(-1/m) - 1)^(1/n)
% Tstar = (delTd - delT)/(delTd - delTw)

n = 1;
m = 0.45;
MPo = -0.056;

CSCBDrydelTmin = [0 0 0 0 0 0];
CSCBAmbdelTmin = [0 0 0 0 0 0];
CSCBWetdelTmin = [0 0 0 0 0 0];

% Adjusted delta T = delta T + 0.002 deg C
CSCBDrydelTmax = [2.8018 2.6382 2.759 2.5237 2.6899 2.6294];
CSCBDrydelTmaxadj = [2.8038 2.6402 2.761 2.5257 2.6919 2.6314];
CSCBAmbdelTmax = [0 0 0 0 0 0];
CSCBAmbdelTmaxadj = [.002 .002 .002 .002 .002 .002];
CSCBWetdelTmax = [0 0 0 0 0 0];
CSCBWetdelTmaxadj = [.002 .002 .002 .002 .002 .002];

% Row and column headers for the **********CalibVals arrays
CSCBDryRows = {'Dry5_12012' 'Dry10_12004' 'Dry25_12029' 'Dry50_12010'...
    'Dry100_12028' 'Dry200_12033'}';
CSCBDryColumns = {'T0_1' 'T0_2' 'T1_1' 'T1_2' 'T30_1' 'T30_2' 'DT_1'...
    'DT_2' 'AVG'};

% Variable naming: |ArrayLoc|Treatment|CalibrationRun|CalibVals|
CSCBDryDryCalibVals = [26.54 26.54 27.73 27.73 30.39 30.39 2.657 2.661;...
    26.15 26.08 27.52 27.45 30.06 29.99 2.533 2.539;...
    26.34 26.32 27.52 27.49 30.15 30.12 2.631 2.63;...
    26.45 26.48 27.82 27.85 30.26 30.28 2.436 2.436;...
    26.38 26.37 27.76 27.74 30.39 30.37 2.629 2.636;...
    26.27 26.23 27.48 27.44 30.01 29.97 2.531 2.536];
CSCBDryDryCalibVals(:,9) = (CSCBDryDryCalibVals(:,7) + ...
    CSCBDryDryCalibVals(:,8))/2;
CSCBDryWetCalibVals = [26.01 26.01 26.75 26.75 27.5 27.5 0.752 0.753;...
    25.9 25.89 26.83 26.83 27.56 27.56 0.733 0.732;...
    25.97 25.97 26.65 26.64 27.43 27.43 0.781 0.788;...
    25.99 25.98 26.89 26.89 27.62 27.61 0.728 0.725;...
    25.99 25.99 26.79 26.8 27.51 27.51 0.717 0.712;...
    25.98 25.99 26.63 26.63 27.32 27.32 0.685 0.683];
CSCBDryWetCalibVals(:,9) = (CSCBDryWetCalibVals(:,7) + ...
    CSCBDryWetCalibVals(:,8))/2;

CSCBAmbRows = {'Amb5_12011' 'Amb10_12008' 'Amb25_12023' 'Amb50_12026'...
    'Amb100_12019' 'Amb200_12020'}';
CSCBAmbColumns = {'T0_1' 'T0_2' 'T1_1' 'T1_2' 'T30_1' 'T30_2' 'DT_1'...
    'DT_2' 'AVG'};

CSCBAmbDryCalibVals = [25.88 25.88 27.35 27.36 29.98 29.99 2.63 2.631;...
    25.97 25.99 27.3 27.32 29.89 29.91 2.59 2.59;...
    26.02 26.02 27.39 27.39 30.14 30.14 2.749 2.746;...
    25.86 25.85 27.19 27.18 29.69 29.69 2.507 2.514;...
    26.27 26.28 27.82 27.83 30.37 30.37 2.547 2.538;...
    26.04 26.05 27.86 27.86 30.41 30.41 2.554 2.548];
CSCBAmbDryCalibVals(:,9) = (CSCBAmbDryCalibVals(:,7) + ...
    CSCBAmbDryCalibVals(:,8))/2;
CSCBAmbWetCalibVals = [25.82 25.82 26.84 26.87 27.57 27.59 0.72 0.724;...
    25.76 25.79 26.64 26.66 27.35 27.37 0.705 0.71;...
    25.79 25.8 26.65 26.67 27.4 27.42 0.753 0.749;...
    25.77 25.8 26.62 26.64 27.32 27.34 0.702 0.702;...
    25.8 25.84 26.82 26.86 27.52 27.55 0.698 0.697;...
    25.8 25.83 27.11 27.14 27.8 27.82 0.689 0.685];
CSCBAmbWetCalibVals(:,9) = (CSCBAmbWetCalibVals(:,7) + ...
    CSCBAmbWetCalibVals(:,8))/2;

CSCBWetRows = {'Wet5_12034' 'Wet10_12017' 'Wet25_12015' 'Wet50_12035'...
    'Wet100_12006' 'Wet200_12016'}';
CSCBWetColumns = {'T0_1' 'T0_2' 'T1_1' 'T1_2' 'T30_1' 'T30_2' 'DT_1'...
    'DT_2' 'AVG'};

CSCBWetDryCalibVals = [26.49 26.55 27.69 27.75 30.41 30.46 2.72 2.719;...
    26.49 26.54 27.75 27.8 30.53 30.58 2.775 2.776;...
    26.44 26.49 28 28.05 30.52 30.57 2.52 2.52;...
    26.37 26.43 27.63 27.69 30.12 30.18 2.494 2.491;...
    26.75 26.8 28.14 28.18 30.59 30.63 2.45 2.452;...
    26.38 26.43 27.86 27.92 30.33 30.39 2.468 2.471];
CSCBWetDryCalibVals(:,9) = (CSCBWetDryCalibVals(:,7) + ...
    CSCBWetDryCalibVals(:,8))/2;
CSCBWetWetCalibVals = [25.56 25.59 26.3 26.33 27 27.02 0.701 0.696;...
    25.52 25.55 26.31 26.34 27.04 27.08 0.732 0.742;...
    25.56 25.6 26.64 26.67 27.35 27.37 0.709 0.705;...
    25.52 25.57 26.31 26.35 27 27.04 0.689 0.696;...
    26.75 26.8 28.14 28.18 30.59 30.63 2.45 2.452;...
    26.38 26.43 27.86 27.92 30.33 30.39 2.468 2.471];
CSCBWetWetCalibVals(:,9) = (CSCBWetWetCalibVals(:,7) + ...
    CSCBWetWetCalibVals(:,8))/2;

CSWFDrydelTmin = [0 0 0 0 0 0];
CSWFAmbdelTmin = [0 0 0 0 0 0];
CSWFWetdelTmin = [0 0 0 0 0 0];

CSWFDrydelTmax = [0 0 0 0 0 0];
CSWFDrydelTmaxadj = [.002 .002 .002 .002 .002 .002];
CSWFAmbdelTmax = [0 0 0 0 0 0];
CSWFAmbdelTmaxadj = [.002 .002 .002 .002 .002 .002];
CSWFWetdelTmax = [0 0 0 0 0 0];
CSWFWetdelTmaxadj = [.002 .002 .002 .002 .002 .002];

CSWFDryRows = {'Dry5_12002' 'Dry10_12000' 'Dry25_12014' 'Dry50_12001'...
    'Dry100_12009' 'Dry200_12005'}';
CSWFDryColumns = {'T0_1' 'T0_2' 'T1_1' 'T1_2' 'T30_1' 'T30_2' 'DT_1'...
    'DT_2' 'AVG'};

CSWFDryDryCalibVals = [26.69 26.66 27.97 27.93 30.61 30.58 2.641 2.644;...
    26.79 26.75 27.9 27.86 30.36 30.32 2.464 2.461;...
    26.77 26.75 27.94 27.91 30.44 30.41 2.499 2.502;...
    26.46 26.42 27.85 27.83 30.42 30.37 2.56 2.549;...
    26.55 26.52 27.99 27.96 30.51 30.47 2.52 2.516;...
    26.36 26.33 27.61 27.58 30.01 29.97 2.402 2.397];
CSWFDryDryCalibVals(:,9) = (CSWFDryDryCalibVals(:,7) + ...
    CSWFDryDryCalibVals(:,8))/2;
CSWFDryWetCalibVals = [26.23 26.23 27.05 27.05 27.77 27.77 0.721 0.719;...
    26.16 26.17 26.81 26.81 27.54 27.55 0.735 0.735;...
    26.23 26.23 26.92 26.93 27.63 27.64 0.711 0.706;...
    26.2 26.2 27.09 27.09 27.79 27.8 0.707 0.708;...
    26.26 26.26 27.2 27.19 27.91 27.9 0.711 0.708;...
    26.16 26.15 26.88 26.87 27.56 27.56 0.68 0.686];
CSWFDryWetCalibVals(:,9) = (CSWFDryWetCalibVals(:,7) + ...
    CSWFDryWetCalibVals(:,8))/2;

CSWFAmbRows = {'Amb5_NONE' 'Amb10_12021' 'Amb25_12018' 'Amb50_12003'...
    'Amb100_12013' 'Amb200_12025'}';
CSWFAmbColumns = {'T0_1' 'T0_2' 'T1_1' 'T1_2' 'T30_1' 'T30_2' 'DT_1'...
    'DT_2' 'AVG'};

CSWFAmbDryCalibVals = [-6999 -6999 -6999 -6999 -6999 -6999 0 0;...
    26.11 26.34 27.66 27.88 30.12 30.33 2.458 2.453;...
    25.98 26.2 27.4 27.62 30.02 30.24 2.622 2.621;...
    25.88 26.05 27 27.17 29.49 29.66 2.493 2.493;...
    26.14 26.21 24.84 24.91 22.34 22.4 2.505 2.508;...
    25.95 26.12 27.64 27.82 30.1 30.28 2.461 2.459];
CSWFAmbDryCalibVals(:,9) = (CSWFAmbDryCalibVals(:,7) + ...
    CSWFAmbDryCalibVals(:,8))/2;
CSWFAmbWetCalibVals = [-6999 -6999 -6999 -6999 -6999 -6999 0 0;...
    26.21 26.19 27.38 27.36 28.17 28.16 0.788 0.793;...
    26.25 26.22 27.17 27.13 27.9 27.88 0.737 0.744;...
    26.2 26.17 26.84 26.81 27.54 27.52 0.709 0.706;...
    26.26 26.24 27.03 27.01 27.74 27.71 0.704 0.706;...
    26.19 26.16 27.33 27.31 28.03 28.01 0.695 0.698];
CSWFAmbWetCalibVals(:,9) = (CSWFAmbWetCalibVals(:,7) + ...
    CSWFAmbWetCalibVals(:,8))/2;

CSWFWetRows = {'Wet5_12030' 'Wet10_12027' 'Wet25_12032' 'Wet50_12024'...
    'Wet100_12031' 'Wet200_12022'}';
CSWFWetColumns = {'T0_1' 'T0_2' 'T1_1' 'T1_2' 'T30_1' 'T30_2' 'DT_1'...
    'DT_2' 'AVG'};

CSWFWetDryCalibVals = [26.06 26.08 27.08 27.1 29.71 29.73 2.629 2.627;...
    26.47 26.48 27.56 27.57 30.21 30.22 2.651 2.659;...
    26.1 26.11 27.49 27.51 30.03 30.07 2.567 2.566;...
    26.3 26.32 27.52 27.55 30.01 30.03 2.483 2.485;...
    26.58 26.58 28.13 28.14 30.74 30.75 2.612 2.607;...
    26.48 26.49 27.8 27.81 30.24 30.25 2.441 2.444];
CSWFWetDryCalibVals(:,9) = (CSWFWetDryCalibVals(:,7) + ...
    CSWFWetDryCalibVals(:,8))/2;
CSWFWetWetCalibVals = [25.49 25.51 26.07 26.09 26.79 26.82 0.724 0.727;...
    25.44 25.46 26.03 26.05 26.74 26.77 0.716 0.717;...
    25.45 25.48 26.34 26.38 27.04 27.08 0.699 0.697;...
    25.42 25.46 26.19 26.22 26.9 26.94 0.709 0.714;...
    25.49 25.52 26.49 26.52 27.19 27.22 0.701 0.701;...
    25.45 25.48 26.22 26.25 26.89 26.91 0.67 0.669];
CSWFWetWetCalibVals(:,9) = (CSWFWetWetCalibVals(:,7) + ...
    CSWFWetWetCalibVals(:,8))/2;

GLCBDrydelTmin = [0 0 0 0 0 0];
GLCBAmbdelTmin = [0 0 0 0 0 0];
GLCBWetdelTmin = [0 0 0 0 0 0];

GLCBDrydelTmax = [0 0 0 0 0 0];
GLCBDrydelTmaxadj = [.002 .002 .002 .002 .002 .002];
GLCBAmbdelTmax = [0 0 0 0 0 0];
GLCBAmbdelTmaxadj = [.002 .002 .002 .002 .002 .002];
GLCBWetdelTmax = [0 0 0 0 0 0];
GLCBWetdelTmaxadj = [.002 .002 .002 .002 .002 .002];

GLCBDryRows = {'Dry5_11944' 'Dry10_11954' 'Dry25_11961' 'Dry50_11942'...
    'Dry100_11935'}';
